+0.945022925310054  3.491993024     3491.993 100 100 100
+1.191360817253026  3.512027648     3512.028 100 100 100
+1.184568697939540  3.489172953     3489.173 100 100 100
+1.437763455683713  3.526354121     3526.354 100 100 100
+1.463043183363641  3.507319883     3507.320 100 100 100
+1.740140421390757  3.493129451     3493.129 100 100 100
+1.793600559822491  3.461026796     3461.027 100 100 100
+2.106274827102640  3.574197464     3574.197 100 100 100
+2.188698441105966  3.495251339     3495.251 100 100 100
+2.547775111105636  3.478311106     3478.311 100 100 100
