+0.945022925310054  0.548651297      548.651 100 100 100
+1.191360817253026  0.532508513      532.509 100 100 100
+1.184568697939540  0.543749749      543.750 100 100 100
+1.437763455683713  0.510784871      510.785 100 100 100
+1.463043183363641  0.531027112      531.027 100 100 100
+1.740140421390757  0.531728718      531.729 100 100 100
+1.793600559822491  0.543642068      543.642 100 100 100
+2.106274827102640  0.531941664      531.942 100 100 100
+2.188698441105966  0.530870912      530.871 100 100 100
+2.547775111105636  0.530172452      530.172 100 100 100
