+0.945022925310053  0.168458453      168.458 100 100 100
+1.191360817253026  0.168554653      168.555 100 100 100
+1.184568697939540  0.161797357      161.797 100 100 100
+1.437763455683713  0.162758541      162.759 100 100 100
+1.463043183363641  0.176339469      176.339 100 100 100
+1.740140421390756  0.175702237      175.702 100 100 100
+1.793600559822490  0.167864121      167.864 100 100 100
+2.106274827102638  0.167955397      167.955 100 100 100
+2.188698441105964  0.162970224      162.970 100 100 100
+2.547775111105634  0.241623672      241.624 100 100 100
