+0.945022925310054  0.386996264      386.996 100 100 100
+1.191360817253026  0.440917684      440.918 100 100 100
+1.184568697939540  0.434620835      434.621 100 100 100
+1.437763455683713  0.417269090      417.269 100 100 100
+1.463043183363641  0.407406844      407.407 100 100 100
+1.740140421390757  0.365419729      365.420 100 100 100
+1.793600559822491  0.393555606      393.556 100 100 100
+2.106274827102640  0.398913420      398.913 100 100 100
+2.188698441105966  0.401233859      401.234 100 100 100
+2.547775111105636  0.403415132      403.415 100 100 100
